78,52
78,51
78,50
78,49
78,48
78,47
78,46
78,45
78,44
78,43
78,42
78,41
78,40
78,39
78,38
78,37
78,36
78,35
77,3
77,2
77,1
77,0
74,3
74,1
63,3
63,2
14,1
63,1
59,3
14,3
59,2
13,1
59,1
13,3
59,0
58,3
58,2
58,1
58,0
55,3
55,2
55,1
55,0
54,3
54,2
54,1
54,0
20,3
20,2
20,1
19,3
19,2
19,1
18,3
18,1
12,3
12,2
12,1
11,3
11,2
11,1
10,3
10,2
10,1
9,3
9,2
9,1
8,3
8,2
8,1
7,13
7,12
7,11
7,10
7,9
7,8
7,7
7,6
7,4
7,1
6,6
6,5
6,4
6,1
4,86
4,80
4,38
4,28
4,24
4,10
4,1
3,1
2,2
3,3
2,1
3,2
0,408
2,3
0,278
0,0
78,34
78,33
78,32
78,31
78,30
78,29
